NUM|IN_TYPE|TRADE_ID|TRADE_ID_T|BRCA|PARENTBRCA|BRCA_CO|PARENTBRCA_CO|CSNM|CTNM|DTYP|CCY|PSTA|PSTD|RSMK|REMK|TRADE_ID_O|VALD|CNLSC|SYS_DATE|
50031102|3|0606101000000163||0606|0606|0606|0606|1002140|天津港保税区国光国际贸易有限公司|1|CNY|286.8900|20171113||||20171113|GAR|20180702|
50031102|3|0606101000000183||0606|0606|0606|0606|1002140|天津港保税区国光国际贸易有限公司|1|CNY|495.8500|20171122||||20171122|GAR|20180702|
50031102|3|0606101000000223||0606|0606|0606|0606|1002140|天津港保税区国光国际贸易有限公司|1|CNY|164.3200|20171122||||20171122|GAR|20180702|
113212|2|0606101000000231||0606|0606|0606|0606|1002140|天津港保税区国光国际贸易有限公司|1|CNY|249.5900|20171130||||20171130|GAR|20180702|
113212|2|0606101000000241||0606|0606|0606|0606|1002140|天津港保税区国光国际贸易有限公司|1|CNY|215.7000|20171130||||20171130|GAR|20180702|
113212|2|0606101000000251||0606|0606|0606|0606|1002140|天津港保税区国光国际贸易有限公司|1|CNY|71.4800|20171130||||20171130|GAR|20180702|
113212|2|0606101000000275||0606|0606|0606|0606|1002140|天津港保税区国光国际贸易有限公司|1|CNY|249.5900|20171211||||20171211|GAR|20180702|
113212|2|0606101000000285||0606|0606|0606|0606|1002140|天津港保税区国光国际贸易有限公司|1|CNY|215.7000|20171219||||20171219|GAR|20180702|
113212|2|0606101000000311||0606|0606|0606|0606|1002140|天津港保税区国光国际贸易有限公司|1|CNY|246.2000|20171231||||20171231|GAR|20180702|
113212|2|0606101000000325||0606|0606|0606|0606|1002140|天津港保税区国光国际贸易有限公司|1|CNY|317.6800|20180103||||20180103|GAR|20180702|
22200202|1|0606S11100000272||0606|0606|0606|0606|1002597|中山广扬包装材料有限公司|1|CNY|6152.6900|20180306||||20180306|GAR|20180702|
22200202|1|0606S11100000312||0606|0606|0606|0606|1001957|东莞市康特金属制品有限公司|1|CNY|29439.4000|20180312||||20180312|GAR|20180702|
22200202|1|0606S11100000321||0606|0606|0606|0606|1002597|中山广扬包装材料有限公司|1|CNY|1649.1700|20180330||||20180330|GAR|20180702|
500110|1|0606S11100000322||0606|0606|0606|0606|1002597|中山广扬包装材料有限公司|1|CNY|1649.1700|20180330||||20180330|GAR|20180702|
22200202|1|0606S11100000331||0606|0606|0606|0606|1001957|东莞市康特金属制品有限公司|1|CNY|6470.2100|20180330||||20180330|GAR|20180702|
500110|1|0606S11100000332||0606|0606|0606|0606|1001957|东莞市康特金属制品有限公司|1|CNY|6470.2100|20180330||||20180330|GAR|20180702|
22200202|1|0606S11100000512||0606|0606|0606|0606|1001959|协昱电子科技（中山）有限公司|1|CNY|16443.1200|20180404||||20180404|GAR|20180702|
22200202|1|0606S11100000532||0606|0606|0606|0606|1001957|东莞市康特金属制品有限公司|1|CNY|22822.1900|20180410||||20180410|GAR|20180702|
22200202|1|0606S11100000552||0606|0606|0606|0606|1001957|东莞市康特金属制品有限公司|1|CNY|608.1800|20180410||||20180410|GAR|20180702|
22200202|1|0606S11100000572||0606|0606|0606|0606|1002597|中山广扬包装材料有限公司|1|CNY|10185.0100|20180411||||20180411|GAR|20180702|
22200202|1|0606S11100000592||0606|0606|0606|0606|1002597|中山广扬包装材料有限公司|1|CNY|4412.0700|20180411||||20180411|GAR|20180702|
22200202|1|0606S11100000612||0606|0606|0606|0606|1002631|中山中健环保包装股份有限公司|1|CNY|29688.0400|20180426||||20180426|GAR|20180702|
22200202|1|0606S11100000632||0606|0606|0606|0606|1002631|中山中健环保包装股份有限公司|1|CNY|10819.9600|20180426||||20180426|GAR|20180702|
22200202|1|0606S11100000652||0606|0606|0606|0606|1002631|中山中健环保包装股份有限公司|1|CNY|4074.9700|20180426||||20180426|GAR|20180702|
22200202|1|0606S11100000661||0606|0606|0606|0606|1002597|中山广扬包装材料有限公司|1|CNY|4922.9200|20180428||||20180428|GAR|20180702|
500110|1|0606S11100000662||0606|0606|0606|0606|1002597|中山广扬包装材料有限公司|1|CNY|4922.9200|20180428||||20180428|GAR|20180702|
22200202|1|0606S11100000671||0606|0606|0606|0606|1001957|东莞市康特金属制品有限公司|1|CNY|15076.6200|20180428||||20180428|GAR|20180702|
500110|1|0606S11100000672||0606|0606|0606|0606|1001957|东莞市康特金属制品有限公司|1|CNY|15076.6200|20180428||||20180428|GAR|20180702|
22200202|1|0606S11100000681||0606|0606|0606|0606|1001959|协昱电子科技（中山）有限公司|1|CNY|12332.3300|20180428||||20180428|GAR|20180702|
500110|1|0606S11100000682||0606|0606|0606|0606|1001959|协昱电子科技（中山）有限公司|1|CNY|12332.3300|20180428||||20180428|GAR|20180702|
22200202|1|0606S11100000691||0606|0606|0606|0606|1002631|中山中健环保包装股份有限公司|1|CNY|4140.5200|20180428||||20180428|GAR|20180702|
500110|1|0606S11100000692||0606|0606|0606|0606|1002631|中山中健环保包装股份有限公司|1|CNY|4140.5200|20180428||||20180428|GAR|20180702|
22200202|1|0606S11100000701||0606|0606|0606|0606|1002597|中山广扬包装材料有限公司|1|CNY|689.9100|20180428||||20180428|GAR|20180702|
500110|1|0606S11100000702||0606|0606|0606|0606|1002597|中山广扬包装材料有限公司|1|CNY|689.9100|20180428||||20180428|GAR|20180702|
22200202|1|0606S11100000722||0606|0606|0606|0606|1002597|中山广扬包装材料有限公司|1|CNY|15113.6500|20180507||||20180507|GAR|20180702|
22200202|1|0606S11100000742||0606|0606|0606|0606|1001959|协昱电子科技（中山）有限公司|1|CNY|21384.6900|20180507||||20180507|GAR|20180702|
22200202|1|0606S11100000762||0606|0606|0606|0606|1001957|东莞市康特金属制品有限公司|1|CNY|38018.3500|20180508||||20180508|GAR|20180702|
22200202|1|0606S11100000782||0606|0606|0606|0606|1001957|东莞市康特金属制品有限公司|1|CNY|12454.0900|20180508||||20180508|GAR|20180702|
22200202|1|0606S11100000794||0606|0606|0606|0606|1001959|协昱电子科技（中山）有限公司|1|CNY|4110.7900|20180510||||20180510|GAR|20180702|
500110|1|0606S11100000795||0606|0606|0606|0606|1001959|协昱电子科技（中山）有限公司|1|CNY|4110.7900|20180510||||20180510|GAR|20180702|
22200202|1|0606S11100000812||0606|0606|0606|0606|1001959|协昱电子科技（中山）有限公司|1|CNY|7162.4300|20180518||||20180518|GAR|20180702|
22200202|1|0606S11100000821||0606|0606|0606|0606|1001957|东莞市康特金属制品有限公司|1|CNY|30055.9500|20180531||||20180531|GAR|20180702|
500110|1|0606S11100000822||0606|0606|0606|0606|1001957|东莞市康特金属制品有限公司|1|CNY|30055.9500|20180531||||20180531|GAR|20180702|
22200202|1|0606S11100000831||0606|0606|0606|0606|1001959|协昱电子科技（中山）有限公司|1|CNY|21277.5300|20180531||||20180531|GAR|20180702|
500110|1|0606S11100000832||0606|0606|0606|0606|1001959|协昱电子科技（中山）有限公司|1|CNY|21277.5300|20180531||||20180531|GAR|20180702|
22200202|1|0606S11100000851||0606|0606|0606|0606|1002597|中山广扬包装材料有限公司|1|CNY|2496.8900|20180531||||20180531|GAR|20180702|
500110|1|0606S11100000852||0606|0606|0606|0606|1002597|中山广扬包装材料有限公司|1|CNY|2496.8900|20180531||||20180531|GAR|20180702|
22200202|1|0606S11100000861||0606|0606|0606|0606|1002631|中山中健环保包装股份有限公司|1|CNY|25671.1400|20180531||||20180531|GAR|20180702|
500110|1|0606S11100000862||0606|0606|0606|0606|1002631|中山中健环保包装股份有限公司|1|CNY|25671.1400|20180531||||20180531|GAR|20180702|
22200202|1|0606S11100000871||0606|0606|0606|0606|1002597|中山广扬包装材料有限公司|1|CNY|9197.0600|20180531||||20180531|GAR|20180702|
500110|1|0606S11100000872||0606|0606|0606|0606|1002597|中山广扬包装材料有限公司|1|CNY|9197.0600|20180531||||20180531|GAR|20180702|
22200202|1|0606S11100000892||0606|0606|0606|0606|1002597|中山广扬包装材料有限公司|1|CNY|14828.9000|20180604||||20180604|GAR|20180702|
22200202|1|0606S11100000952||0606|0606|0606|0606|1001959|协昱电子科技（中山）有限公司|1|CNY|18953.2500|20180608||||20180608|GAR|20180702|
22200202|1|0606S11100000972||0606|0606|0606|0606|1001957|东莞市康特金属制品有限公司|1|CNY|32793.2900|20180608||||20180608|GAR|20180702|
22200202|1|0606S11100000992||0606|0606|0606|0606|1001957|东莞市康特金属制品有限公司|1|CNY|8744.1300|20180608||||20180608|GAR|20180702|
22200202|1|0606S11100001004||0606|0606|0606|0606|1001957|东莞市康特金属制品有限公司|1|CNY|3235.0900|20180611||||20180611|GAR|20180702|
500110|1|0606S11100001005||0606|0606|0606|0606|1001957|东莞市康特金属制品有限公司|1|CNY|3235.0900|20180611||||20180611|GAR|20180702|
22200202|1|0606S11100001014||0606|0606|0606|0606|1001959|协昱电子科技（中山）有限公司|1|CNY|6109.9200|20180611||||20180611|GAR|20180702|
500110|1|0606S11100001015||0606|0606|0606|0606|1001959|协昱电子科技（中山）有限公司|1|CNY|6109.9200|20180611||||20180611|GAR|20180702|
22200202|1|0606S11100001024||0606|0606|0606|0606|1002597|中山广扬包装材料有限公司|1|CNY|1357.5900|20180611||||20180611|GAR|20180702|
500110|1|0606S11100001025||0606|0606|0606|0606|1002597|中山广扬包装材料有限公司|1|CNY|1357.5900|20180611||||20180611|GAR|20180702|
22200202|1|0606S11100001034||0606|0606|0606|0606|1002631|中山中健环保包装股份有限公司|1|CNY|6453.9100|20180611||||20180611|GAR|20180702|
500110|1|0606S11100001035||0606|0606|0606|0606|1002631|中山中健环保包装股份有限公司|1|CNY|6453.9100|20180611||||20180611|GAR|20180702|
22200202|1|0606S11100001052||0606|0606|0606|0606|1002631|中山中健环保包装股份有限公司|1|CNY|35964.9600|20180613||||20180613|GAR|20180702|
22200202|1|0606S11100001072||0606|0606|0606|0606|1002631|中山中健环保包装股份有限公司|1|CNY|2057.0700|20180613||||20180613|GAR|20180702|
22200202|1|0606S11100001081||0606|0606|0606|0606|1001957|东莞市康特金属制品有限公司|1|CNY|35676.7500|20180629||||20180629|GAR|20180702|
500110|1|0606S11100001082||0606|0606|0606|0606|1001957|东莞市康特金属制品有限公司|1|CNY|35676.7500|20180629||||20180629|GAR|20180702|
22200202|1|0606S11100001101||0606|0606|0606|0606|1001959|协昱电子科技（中山）有限公司|1|CNY|17625.8900|20180629||||20180629|GAR|20180702|
500110|1|0606S11100001102||0606|0606|0606|0606|1001959|协昱电子科技（中山）有限公司|1|CNY|17625.8900|20180629||||20180629|GAR|20180702|
22200202|1|0606S11100001121||0606|0606|0606|0606|1001959|协昱电子科技（中山）有限公司|1|CNY|6160.8800|20180629||||20180629|GAR|20180702|
500110|1|0606S11100001122||0606|0606|0606|0606|1001959|协昱电子科技（中山）有限公司|1|CNY|6160.8800|20180629||||20180629|GAR|20180702|
22200202|1|0606S11100001131||0606|0606|0606|0606|1002597|中山广扬包装材料有限公司|1|CNY|13610.8400|20180629||||20180629|GAR|20180702|
500110|1|0606S11100001132||0606|0606|0606|0606|1002597|中山广扬包装材料有限公司|1|CNY|13610.8400|20180629||||20180629|GAR|20180702|
22200202|1|0606S11100001151||0606|0606|0606|0606|1002631|中山中健环保包装股份有限公司|1|CNY|23512.7600|20180629||||20180629|GAR|20180702|
500110|1|0606S11100001152||0606|0606|0606|0606|1002631|中山中健环保包装股份有限公司|1|CNY|23512.7600|20180629||||20180629|GAR|20180702|
50031102|3|0607101000000103||0606|0606|0606|0606|1003324|腾辉电子（苏州）有限公司|1|CNY|3359.6400|20171109||||20171109|GAR|20180702|
50031102|3|0607101000000123||0606|0606|0606|0606|1003324|腾辉电子（苏州）有限公司|1|CNY|8657.2700|20171115||||20171115|GAR|20180702|
113212|2|0607101000000131||0606|0606|0606|0606|1003324|腾辉电子（苏州）有限公司|1|CNY|8983.9500|20171130||||20171130|GAR|20180702|
50031102|3|0607101000000153||0606|0606|0606|0606|1003324|腾辉电子（苏州）有限公司|1|CNY|10179.0000|20171211||||20171211|GAR|20180702|
50031102|3|0607101000000173||0606|0606|0606|0606|1003324|腾辉电子（苏州）有限公司|1|CNY|4807.2000|20171212||||20171212|GAR|20180702|
113212|2|0607101000000181||0606|0606|0606|0606|1003324|腾辉电子（苏州）有限公司|1|CNY|28860.9700|20171231||||20171231|GAR|20180702|
50031102|3|0607101000000203||0606|0606|0606|0606|1003324|腾辉电子（苏州）有限公司|1|CNY|17276.3100|20180115||||20180115|GAR|20180702|
113212|2|0607101000000211||0606|0606|0606|0606|1003324|腾辉电子（苏州）有限公司|1|CNY|47823.1600|20180131||||20180131|GAR|20180702|
50031102|3|0607101000000233||0606|0606|0606|0606|1003324|腾辉电子（苏州）有限公司|1|CNY|6825.9400|20180213||||20180213|GAR|20180702|
113212|2|0607101000000241||0606|0606|0606|0606|1003324|腾辉电子（苏州）有限公司|1|CNY|57053.0900|20180228||||20180228|GAR|20180702|
113212|2|0607101000000255||0606|0606|0606|0606|1003324|腾辉电子（苏州）有限公司|1|CNY|59748.3600|20180306||||20180306|GAR|20180702|
50031102|3|0607101000000273||0606|0606|0606|0606|1003324|腾辉电子（苏州）有限公司|1|CNY|10574.8400|20180307||||20180307|GAR|20180702|
50031102|3|0607101000000293||0606|0606|0606|0606|1003324|腾辉电子（苏州）有限公司|1|CNY|11347.2700|20180316||||20180316|GAR|20180702|
113212|2|0607101000000305||0606|0606|0606|0606|1003324|腾辉电子（苏州）有限公司|1|CNY|27897.9500|20180327||||20180327|GAR|20180702|
50031102|3|0607101000000323||0606|0606|0606|0606|1003324|腾辉电子（苏州）有限公司|1|CNY|4341.5200|20180327||||20180327|GAR|20180702|
113212|2|0607101000000331||0606|0606|0606|0606|1003324|腾辉电子（苏州）有限公司|1|CNY|58187.2200|20180330||||20180330|GAR|20180702|
113212|2|0607101000000345||0606|0606|0606|0606|1003324|腾辉电子（苏州）有限公司|1|CNY|41635.7900|20180411||||20180411|GAR|20180702|
50031102|3|0607101000000363||0606|0606|0606|0606|1003324|腾辉电子（苏州）有限公司|1|CNY|14397.5300|20180419||||20180419|GAR|20180702|
113212|2|0607101000000375||0606|0606|0606|0606|1003324|腾辉电子（苏州）有限公司|1|CNY|14620.1800|20180426||||20180426|GAR|20180702|
113212|2|0607101000000381||0606|0606|0606|0606|1003324|腾辉电子（苏州）有限公司|1|CNY|58629.0400|20180428||||20180428|GAR|20180702|
113212|2|0607101000000395||0606|0606|0606|0606|1003324|腾辉电子（苏州）有限公司|1|CNY|31107.1400|20180514||||20180514|GAR|20180702|
113212|2|0607101000000401||0606|0606|0606|0606|1003324|腾辉电子（苏州）有限公司|1|CNY|62811.4300|20180531||||20180531|GAR|20180702|
50031102|3|0607101000000423||0606|0606|0606|0606|1003324|腾辉电子（苏州）有限公司|1|CNY|11573.2000|20180608||||20180608|GAR|20180702|
113212|2|0607101000000435||0606|0606|0606|0606|1003324|腾辉电子（苏州）有限公司|1|CNY|41342.1800|20180612||||20180612|GAR|20180702|
113212|2|0607101000000445||0606|0606|0606|0606|1003324|腾辉电子（苏州）有限公司|1|CNY|8836.1800|20180612||||20180612|GAR|20180702|
50031102|3|0607101000000463||0606|0606|0606|0606|1003324|腾辉电子（苏州）有限公司|1|CNY|10086.1400|20180612||||20180612|GAR|20180702|
113212|2|0607101000000475||0606|0606|0606|0606|1003324|腾辉电子（苏州）有限公司|1|CNY|58860.2900|20180627||||20180627|GAR|20180702|
50031102|3|0607101000000553||0606|0606|0606|0606|1003324|腾辉电子（苏州）有限公司|1|CNY|15332.7800|20180627||||20180627|GAR|20180702|
113212|2|0607101000000561||0606|0606|0606|0606|1003324|腾辉电子（苏州）有限公司|1|CNY|48867.5200|20180629||||20180629|GAR|20180702|
50031102|3|0609101000000023||0606|0606|0606|0606|1002140|天津港保税区国光国际贸易有限公司|1|CNY|533.9800|20171124||||20171124|GAR|20180702|
113212|2|0609101000000031||0606|0606|0606|0606|1002140|天津港保税区国光国际贸易有限公司|1|CNY|180.6700|20171130||||20171130|GAR|20180702|
50031102|3|0609101000000053||0606|0606|0606|0606|1002140|天津港保税区国光国际贸易有限公司|1|CNY|572.0200|20171211||||20171211|GAR|20180702|
50031102|3|0609101000000073||0606|0606|0606|0606|1002140|天津港保税区国光国际贸易有限公司|1|CNY|498.2000|20171213||||20171213|GAR|20180702|
50031102|3|0609101000000093||0606|0606|0606|0606|1002140|天津港保税区国光国际贸易有限公司|1|CNY|303.3200|20171213||||20171213|GAR|20180702|
113212|2|0609101000000105||0606|0606|0606|0606|1002140|天津港保税区国光国际贸易有限公司|1|CNY|180.6700|20171222||||20171222|GAR|20180702|
50031102|3|0609101000000123||0606|0606|0606|0606|1002140|天津港保税区国光国际贸易有限公司|1|CNY|516.1000|20171228||||20171228|GAR|20180702|
113212|2|0609101000000131||0606|0606|0606|0606|1002140|天津港保税区国光国际贸易有限公司|1|CNY|1137.8900|20171231||||20171231|GAR|20180702|
113212|2|0609101000000141||0606|0606|0606|0606|1002140|天津港保税区国光国际贸易有限公司|1|CNY|278.5600|20171231||||20171231|GAR|20180702|
50031102|3|0609101000000163||0606|0606|0606|0606|1002140|天津港保税区国光国际贸易有限公司|1|CNY|193.1600|20180102||||20180102|GAR|20180702|
113212|2|0609101000000175||0606|0606|0606|0606|1002140|天津港保税区国光国际贸易有限公司|1|CNY|580.6000|20180105||||20180105|GAR|20180702|
113212|2|0609101000000185||0606|0606|0606|0606|1002140|天津港保税区国光国际贸易有限公司|1|CNY|278.5600|20180110||||20180110|GAR|20180702|
113212|2|0609101000000195||0606|0606|0606|0606|1002140|天津港保税区国光国际贸易有限公司|1|CNY|457.5100|20180110||||20180110|GAR|20180702|
50031102|3|0609101000000213||0606|0606|0606|0606|1002140|天津港保税区国光国际贸易有限公司|1|CNY|294.6400|20180115||||20180115|GAR|20180702|
50031102|3|0609101000000233||0606|0606|0606|0606|1002140|天津港保税区国光国际贸易有限公司|1|CNY|285.6400|20180119||||20180119|GAR|20180702|
50031102|3|0609101000000253||0606|0606|0606|0606|1002140|天津港保税区国光国际贸易有限公司|1|CNY|240.6600|20180119||||20180119|GAR|20180702|
50031102|3|0609101000000273||0606|0606|0606|0606|1002140|天津港保税区国光国际贸易有限公司|1|CNY|478.6400|20180122||||20180122|GAR|20180702|
50031102|3|0609101000000293||0606|0606|0606|0606|1002140|天津港保税区国光国际贸易有限公司|1|CNY|261.2100|20180124||||20180124|GAR|20180702|
113212|2|0609101000000305||0606|0606|0606|0606|1002140|天津港保税区国光国际贸易有限公司|1|CNY|99.7800|20180125||||20180125|GAR|20180702|
113212|2|0609101000000321||0606|0606|0606|0606|1002140|天津港保税区国光国际贸易有限公司|1|CNY|483.5600|20180131||||20180131|GAR|20180702|
113212|2|0609101000000331||0606|0606|0606|0606|1002140|天津港保税区国光国际贸易有限公司|1|CNY|179.4800|20180131||||20180131|GAR|20180702|
113212|2|0609101000000341||0606|0606|0606|0606|1002140|天津港保税区国光国际贸易有限公司|1|CNY|242.0800|20180131||||20180131|GAR|20180702|
113212|2|0609101000000353||0606|0606|0606|0606|1002140|天津港保税区国光国际贸易有限公司|1|CNY|151.2200|20180202||||20180202|GAR|20180702|
113212|2|0609101000000375||0606|0606|0606|0606|1002140|天津港保税区国光国际贸易有限公司|1|CNY|179.4800|20180208||||20180208|GAR|20180702|
113212|2|0609101000000385||0606|0606|0606|0606|1002140|天津港保税区国光国际贸易有限公司|1|CNY|242.0800|20180211||||20180211|GAR|20180702|
50031102|3|0609101000000403||0606|0606|0606|0606|1002140|天津港保税区国光国际贸易有限公司|1|CNY|317.9000|20180212||||20180212|GAR|20180702|
50031102|3|0609101000000423||0606|0606|0606|0606|1002140|天津港保税区国光国际贸易有限公司|1|CNY|201.6700|20180212||||20180212|GAR|20180702|
50031102|3|0609101000000443||0606|0606|0606|0606|1002140|天津港保税区国光国际贸易有限公司|1|CNY|770.5800|20180212||||20180212|GAR|20180702|
113212|2|0609101000000455||0606|0606|0606|0606|1002140|天津港保税区国光国际贸易有限公司|1|CNY|332.3400|20180226||||20180226|GAR|20180702|
50031102|3|0609101000000473||0606|0606|0606|0606|1002140|天津港保税区国光国际贸易有限公司|1|CNY|520.6900|20180226||||20180226|GAR|20180702|
50031102|3|0609101000000493||0606|0606|0606|0606|1002140|天津港保税区国光国际贸易有限公司|1|CNY|286.9400|20180226||||20180226|GAR|20180702|
113212|2|0609101000000501||0606|0606|0606|0606|1002140|天津港保税区国光国际贸易有限公司|1|CNY|207.3100|20180228||||20180228|GAR|20180702|
113212|2|0609101000000511||0606|0606|0606|0606|1002140|天津港保税区国光国际贸易有限公司|1|CNY|261.2000|20180228||||20180228|GAR|20180702|
113212|2|0609101000000521||0606|0606|0606|0606|1002140|天津港保税区国光国际贸易有限公司|1|CNY|708.6500|20180228||||20180228|GAR|20180702|
113212|2|0609101000000535||0606|0606|0606|0606|1002140|天津港保税区国光国际贸易有限公司|1|CNY|165.7100|20180307||||20180307|GAR|20180702|
113212|2|0609101000000545||0606|0606|0606|0606|1002140|天津港保税区国光国际贸易有限公司|1|CNY|261.2000|20180312||||20180312|GAR|20180702|
113212|2|0609101000000555||0606|0606|0606|0606|1002140|天津港保税区国光国际贸易有限公司|1|CNY|633.1500|20180312||||20180312|GAR|20180702|
113212|2|0609101000000565||0606|0606|0606|0606|1002140|天津港保税区国光国际贸易有限公司|1|CNY|41.6000|20180313||||20180313|GAR|20180702|
113212|2|0609101000000575||0606|0606|0606|0606|1002140|天津港保税区国光国际贸易有限公司|1|CNY|75.5000|20180314||||20180314|GAR|20180702|
50031102|3|0609101000000633||0606|0606|0606|0606|1002140|天津港保税区国光国际贸易有限公司|1|CNY|522.6200|20180320||||20180320|GAR|20180702|
50031102|3|0609101000000653||0606|0606|0606|0606|1002140|天津港保税区国光国际贸易有限公司|1|CNY|302.7000|20180320||||20180320|GAR|20180702|
50031102|3|0609101000000673||0606|0606|0606|0606|1002140|天津港保税区国光国际贸易有限公司|1|CNY|266.0100|20180328||||20180328|GAR|20180702|
50031102|3|0609101000000693||0606|0606|0606|0606|1002140|天津港保税区国光国际贸易有限公司|1|CNY|1286.8500|20180328||||20180328|GAR|20180702|
113212|2|0609101000000711||0606|0606|0606|0606|1002140|天津港保税区国光国际贸易有限公司|1|CNY|226.9900|20180330||||20180330|GAR|20180702|
113212|2|0609101000000721||0606|0606|0606|0606|1002140|天津港保税区国光国际贸易有限公司|1|CNY|551.9100|20180330||||20180330|GAR|20180702|
50031102|3|0609101000000763||0606|0606|0606|0606|1002140|天津港保税区国光国际贸易有限公司|1|CNY|356.6200|20180403||||20180403|GAR|20180702|
50031102|3|0609101000000803||0606|0606|0606|0606|1002140|天津港保税区国光国际贸易有限公司|1|CNY|392.6600|20180408||||20180408|GAR|20180702|
113212|2|0609101000000815||0606|0606|0606|0606|1002140|天津港保税区国光国际贸易有限公司|1|CNY|303.1200|20180411||||20180411|GAR|20180702|
113212|2|0609101000000825||0606|0606|0606|0606|1002140|天津港保税区国光国际贸易有限公司|1|CNY|175.5600|20180413||||20180413|GAR|20180702|
113212|2|0609101000000835||0606|0606|0606|0606|1002140|天津港保税区国光国际贸易有限公司|1|CNY|50.4300|20180413||||20180413|GAR|20180702|
113212|2|0609101000000845||0606|0606|0606|0606|1002140|天津港保税区国光国际贸易有限公司|1|CNY|198.3600|20180419||||20180419|GAR|20180702|
113212|2|0609101000000855||0606|0606|0606|0606|1002140|天津港保税区国光国际贸易有限公司|1|CNY|51.4300|20180420||||20180420|GAR|20180702|
50031102|3|0609101000000883||0606|0606|0606|0606|1002140|天津港保税区国光国际贸易有限公司|1|CNY|311.0900|20180428||||20180428|GAR|20180702|
113212|2|0609101000000911||0606|0606|0606|0606|1002140|天津港保税区国光国际贸易有限公司|1|CNY|481.6100|20180428||||20180428|GAR|20180702|
113212|2|0609101000000925||0606|0606|0606|0606|1002140|天津港保税区国光国际贸易有限公司|1|CNY|436.5000|20180507||||20180507|GAR|20180702|
113212|2|0609101000000935||0606|0606|0606|0606|1002140|天津港保税区国光国际贸易有限公司|1|CNY|45.1100|20180524||||20180524|GAR|20180702|
50031102|3|0609101000000953||0606|0606|0606|0606|1002140|天津港保税区国光国际贸易有限公司|1|CNY|307.1800|20180531||||20180531|GAR|20180702|
113212|2|0609101000000961||0606|0606|0606|0606|1002140|天津港保税区国光国际贸易有限公司|1|CNY|14.8400|20180531||||20180531|GAR|20180702|
113212|2|0609101000000971||0606|0606|0606|0606|1002140|天津港保税区国光国际贸易有限公司|1|CNY|445.4000|20180629||||20180629|GAR|20180702|
